# Generated by conda-lock.
# platform: win-64
# input_hash: 0aa92404b1e7f58dcd73fdac3e21b7927ae54a9c7960071cb1173d07da93c072

channels:
  - conda-forge
dependencies:
  - ca-certificates=2023.5.7=h56e8100_0
  - intel-openmp=2023.1.0=h57928b3_46319
  - python_abi=3.9=3_cp39
  - tzdata=2023c=h71feb2d_0
  - ucrt=10.0.22621.0=h57928b3_0
  - vc14_runtime=14.36.32532=hfdfe4a8_17
  - vc=14.3=h64f974e_17
  - vs2015_runtime=14.36.32532=h05e6639_17
  - bzip2=1.0.8=h8ffe710_4
  - libffi=3.4.2=h8ffe710_5
  - libiconv=1.17=h8ffe710_0
  - libsqlite=3.42.0=hcfcfb64_0
  - libzlib=1.2.13=hcfcfb64_5
  - openssl=3.1.1=hcfcfb64_1
  - pthreads-win32=2.9.1=hfa6e2cd_3
  - tk=8.6.12=h8ffe710_0
  - xz=5.2.6=h8d14728_0
  - libxml2=2.11.4=hc3477c8_0
  - python=3.9.16=h4de0772_0_cpython
  - colorama=0.4.6=pyhd8ed1ab_0
  - dill=0.3.6=pyhd8ed1ab_1
  - exceptiongroup=1.1.2=pyhd8ed1ab_0
  - iniconfig=2.0.0=pyhd8ed1ab_0
  - lazy-object-proxy=1.9.0=py39ha55989b_0
  - libhwloc=2.9.1=nocuda_h15da153_6
  - mccabe=0.7.0=pyhd8ed1ab_0
  - packaging=23.1=pyhd8ed1ab_0
  - pluggy=1.2.0=pyhd8ed1ab_0
  - setuptools=68.0.0=pyhd8ed1ab_0
  - toml=0.10.2=pyhd8ed1ab_0
  - tomli=2.0.1=pyhd8ed1ab_0
  - tomlkit=0.11.8=pyha770c72_0
  - typing_extensions=4.7.1=pyha770c72_0
  - wheel=0.40.0=pyhd8ed1ab_0
  - wrapt=1.15.0=py39ha55989b_0
  - coverage=7.2.7=py39ha55989b_0
  - isort=5.12.0=pyhd8ed1ab_1
  - pip=23.1.2=pyhd8ed1ab_0
  - pytest=7.4.0=pyhd8ed1ab_0
  - tbb=2021.9.0=h91493d7_0
  - typing-extensions=4.7.1=hd8ed1ab_0
  - astroid=2.15.5=py39hcbf5309_0
  - mkl=2022.1.0=h6a75c08_874
  - platformdirs=3.8.0=pyhd8ed1ab_0
  - pytest-cov=4.1.0=pyhd8ed1ab_0
  - libblas=3.9.0=17_win64_mkl
  - pylint=2.17.4=pyhd8ed1ab_0
  - libcblas=3.9.0=17_win64_mkl
  - liblapack=3.9.0=17_win64_mkl
  - numpy=1.23.5=py39hbccbffa_0
  - pip:
    - pillow === 9.5.0 --hash=sha256:77165c4a5e7d5a284f10a6efaa39a0ae8ba839da344f20b111d62cc932fa4e5d
    - h5py === 3.9.0 --hash=sha256:79bbca34696c6f9eeeb36a91776070c49a060b2879828e2c8fa6c58b8ed10dd1
    - geoh5py === 0.8.0a3 --hash=sha256:0c612491fff8972882658e5283b649cc4deadb7d83804ea2b5f4969bb05a89be

variables:
  KMP_WARNINGS: 0
